- ID: 13017856045607090437
  Enabled: true
  Name: Ground
  Transform:
    Position: [-2.3841858e-07, -3, 1.9590797]
    Rotation: [0, -0, 0]
    Scale: [100, 100, 100]
  MeshComponent:
    Mesh: 16263461787928416772
    Materials: [4524766446218326838]
- ID: 7150985087517490007
  Enabled: true
  Name: Light
  Transform:
    Position: [0, 0, 0]
    Rotation: [0, -0, 0]
    Scale: [1, 1, 1]
  LightComponent:
    Type: 0
    Color: [0, 1, 0]
    Intensity: 2.184
    Range: 12
    Angle: 67
- ID: 10199165476046124790
  Enabled: true
  Name: Camera
  Transform:
    Position: [0, 0, 0]
    Rotation: [0, 0, 0]
    Scale: [1, 1, 1]
  CameraComponent:
    Projection: 1
    AspectRatio: 1.7777778
    Perspective:
      FOV: 0.7853982
      Near: 0.1
      Far: 1000
    Orthographic:
      Size: 10
      Near: -100
      Far: 100
    Background: 1
    ClearColor: [1, 0, 0, 1]
- ID: 8348957107591477546
  Enabled: true
  Name: Player
  Transform:
    Position: [-0.026061982, 5.111175, 0.5417197]
    Rotation: [0, -0, 0]
    Scale: [0.1, 0.1, 0.1]
  MeshComponent:
    Mesh: 4054887255351190265
    Materials: [9062395416670711803, 9905515824125768949, 16641363256174755972, 12590626766011146814, 6243627826504047792]
  ScriptComponent:
    Script: AudioPlayer
    Audio Clip: 3164677566141441093
    Play On Awake: true