Shader: 10614378585745839232
Sampler:
  Filter: 1
  Wrap: 0
Attributes:
  albedo: [0.061674, 0.41716325, 1, 1]
  roughness: 0.75
  metallic: 0
  tiling: [1, 1]
Textures:
  {}