Shader: 10614378585745839232
Sampler:
  Filter: 1
  Wrap: 0
Attributes:
  albedo: [0.12156863, 1, 0, 0.31718063]
  roughness: 0
  metallic: 0
  tiling: [0, 0]
Textures:
  {}