Shader: 10614378585745839232
Sampler:
  Filter: 1
  Wrap: 0
Attributes:
  albedo: [0.13640866, 0.1371986, 0.14537448, 1]
  roughness: 0
  metallic: 0
  tiling: [0, 0]
Textures:
  {}